,M,seed,acc_laplace,ece_laplace,nll_laplace
0,50,0,0.9484999775886536,0.010187091587483975,0.1583651304244995
1,50,1,0.9476000070571899,0.010144561372697394,0.1588032841682434
2,50,2,0.9483000040054321,0.010542283572256554,0.15903863310813904
3,50,3,0.9487000107765198,0.010653141605854,0.15796606242656708
4,50,4,0.9485999941825867,0.010607493589818499,0.15960614383220673
5,100,0,0.9484000205993652,0.006256272193789509,0.15860626101493835
6,100,1,0.9483000040054321,0.009772412772476704,0.15891994535923004
7,100,2,0.9484000205993652,0.0056844857424497835,0.158612459897995
8,100,3,0.9491999745368958,0.006003437401354231,0.15616798400878906
9,100,4,0.9476000070571899,0.005810163883864899,0.16051600873470306
10,200,0,0.9484999775886536,0.018699149982631162,0.17014659941196442
11,200,1,0.9476000070571899,0.01021401832252741,0.15862877666950226
12,200,2,0.9484999775886536,0.01853834318369632,0.16979201138019562
13,200,3,0.9484999775886536,0.019058654144406238,0.1707616150379181
14,200,4,0.9484999775886536,0.018817441610991956,0.17041361331939697
15,400,0,0.9487000107765198,0.01754058939814574,0.16802653670310974
16,400,1,0.9487000107765198,0.01794784518629315,0.1686844676733017
17,400,2,0.9485999941825867,0.01420893736034634,0.16291645169258118
18,400,3,0.9485999941825867,0.01736810342222457,0.16787229478359222
19,400,4,0.9480999708175659,0.01586204563081261,0.16492566466331482
20,800,0,0.9485999941825867,0.017274816356599384,0.1676916778087616
21,800,1,0.948199987411499,0.017128424997627772,0.16628392040729523
22,800,2,0.9487000107765198,0.01669246347844601,0.16690991818904877
23,800,3,0.9483000040054321,0.014388736954331339,0.16218550503253937
24,800,4,0.9485999941825867,0.01738579912185676,0.16784155368804932
25,1600,0,0.9483000040054321,0.018518596671521666,0.1694260835647583
26,1600,1,0.9485999941825867,0.01726793533414599,0.1677008718252182
27,1600,2,0.9485999941825867,0.01774189208447935,0.1687595248222351
28,1600,3,0.9484999775886536,0.017348602110147503,0.1680871546268463
29,1600,4,0.9484999775886536,0.01732247919589288,0.16792753338813782
