,M,seed,acc_laplace,ece_laplace,nll_laplace
0,50,0,0.9225000143051147,0.047660758119821456,0.33928558230400085
1,50,1,0.921999990940094,0.04766257194280621,0.33745765686035156
2,50,2,0.9221000075340271,0.04751440388560298,0.33745136857032776
3,50,3,0.9221000075340271,0.047469139012694374,0.33726415038108826
4,50,4,0.9222000241279602,0.0475052774757147,0.3373860716819763
5,100,0,0.9222000241279602,0.042423529493808745,0.31640440225601196
6,100,1,0.9212999939918518,0.04235021874904628,0.318159282207489
7,100,2,0.9208999872207642,0.04255295355319977,0.31703728437423706
8,100,3,0.9221000075340271,0.04025137433707718,0.31139853596687317
9,100,4,0.9215999841690063,0.04165399324297908,0.31198522448539734
10,200,0,0.9222999811172485,0.03397478620111944,0.3096790015697479
11,200,1,0.9218999743461609,0.03247791921794422,0.30753540992736816
12,200,2,0.9207000136375427,0.03205429678857323,0.30909475684165955
13,200,3,0.9212999939918518,0.02907017206251624,0.3031060993671417
14,200,4,0.921500027179718,0.0316438497543335,0.29306358098983765
15,400,0,0.9223999977111816,0.025815008237957918,0.3024437129497528
16,400,1,0.9217000007629395,0.02028504449725147,0.3067626357078552
17,400,2,0.9208999872207642,0.01487212328314784,0.3166465163230896
18,400,3,0.9204999804496765,0.020275988194346443,0.31213417649269104
19,400,4,0.9215999841690063,0.02429999202787876,0.29384082555770874
20,800,0,0.9222999811172485,0.025263103306293458,0.3069011867046356
21,800,1,0.9225999712944031,0.021225947877764682,0.30568572878837585
22,800,2,0.9214000105857849,0.021406865149736408,0.31333237886428833
23,800,3,0.9217000007629395,0.02110171900093552,0.3172655403614044
24,800,4,0.9200999736785889,0.024094787985086463,0.31362780928611755
25,1600,0,0.9211999773979187,0.028952346602082193,0.3146377205848694
26,1600,1,0.9211999773979187,0.02604888482093813,0.31333959102630615
27,1600,2,0.9215999841690063,0.03153898572325709,0.32306015491485596
28,1600,3,0.9217000007629395,0.034534468469023735,0.3216037154197693
29,1600,4,0.9205999970436096,0.03525876906514168,0.3171696364879608
