,M,seed,acc_laplace,ece_laplace,nll_laplace
0,50,0,0.9261999726295471,0.05635860918760302,0.4458042085170746
1,50,1,0.9258999824523926,0.05658768808543675,0.4428822696208954
2,50,2,0.9251999855041504,0.056725336334109255,0.43886998295783997
3,50,3,0.9251000285148621,0.057035803827643394,0.44495147466659546
4,50,4,0.9262999892234802,0.05655488691926,0.45107412338256836
5,100,0,0.925599992275238,0.05572581675946717,0.4342116117477417
6,100,1,0.9259999990463257,0.055447446623444564,0.4340244233608246
7,100,2,0.9259999990463257,0.05491458053588873,0.42849740386009216
8,100,3,0.9254999756813049,0.0553630029916763,0.4271259903907776
9,100,4,0.9257000088691711,0.0553584150791168,0.4259752035140991
10,200,0,0.9251000285148621,0.05486678846180443,0.4168511629104614
11,200,1,0.9258999824523926,0.0537945112347603,0.41506898403167725
12,200,2,0.925000011920929,0.05573321794867514,0.41836899518966675
13,200,3,0.9262999892234802,0.05395150023996827,0.41125252842903137
14,200,4,0.9243000149726868,0.05558239041864868,0.41598042845726013
15,400,0,0.9253000020980835,0.0527595297574997,0.39590731263160706
16,400,1,0.9247999787330627,0.05311917843520635,0.4015620946884155
17,400,2,0.9258000254631042,0.052694119334220885,0.40211889147758484
18,400,3,0.925000011920929,0.05268289325535291,0.39590325951576233
19,400,4,0.9246000051498413,0.05347051455974573,0.39612096548080444
20,800,0,0.925000011920929,0.051439463496208156,0.3872379660606384
21,800,1,0.9254000186920166,0.051581515324115756,0.39104920625686646
22,800,2,0.9254000186920166,0.052521544188261035,0.3962963819503784
23,800,3,0.9248999953269958,0.052488803210854494,0.39464351534843445
24,800,4,0.9248999953269958,0.05221571907699112,0.3901543915271759
25,1600,0,0.925000011920929,0.05394893346726888,0.4138264060020447
26,1600,1,0.9254999756813049,0.05194552312195302,0.40150216221809387
27,1600,2,0.9257000088691711,0.05345091595649713,0.4135270118713379
28,1600,3,0.9251000285148621,0.052836751592159226,0.4048265814781189
29,1600,4,0.9253000020980835,0.05505423321723938,0.4235789179801941
30,3200,0,0.9251999855041504,0.058121843126416266,0.4704897999763489
31,3200,1,0.9251999855041504,0.055966661331057585,0.4403005838394165
32,3200,2,0.9254000186920166,0.05770239792168145,0.467711478471756
33,3200,3,0.925599992275238,0.05795333152711389,0.4682624042034149
34,3200,4,0.9251999855041504,0.058547252970933855,0.4698624908924103
